 &PARAM
 NE      =         199,
 TEND    =   150.000000000000     ,
 ZEX     =   11.2583302491977     ,
 Q1      =   3400.00000000000     ,
 Q2      =   3400.00000000000     ,
 Q3      =   40000.0000000000     ,
 I1      =  0.160000000000000     ,
 I2      =  0.160000000000000     ,
 TH1     =  0.000000000000000E+000,
 TH2     =  0.000000000000000E+000,
 A1      =   4.00000000000000     ,
 A2      =   4.00000000000000     ,
 DTR1    =  0.210000000000000     ,
 DTR2    =  0.210000000000000     ,
 DCIR1   =  5.000000000000000E-006,
 DCIR2   =  5.000000000000000E-006,
 R1      =  6.000000000000000E-002,
 R2      =  6.000000000000000E-002,
 F10     =  9.190127716981114E-002,
 F20     =  9.190127716981114E-002,
 F30     =  2.046572929636623E-002,
 P10     =   6.23873233173050     ,
 P20     =   6.23873233173050     ,
 P30     =   4.69224517050732     ,
 DT      =  5.000000000000000E-002,
 DZ      =  1.000000000000000E-002,
 PITCH   =   1.60000000000000     ,
 FTOL    =  1.000000000000000E-003,
 PTOL    =  1.000000000000000E-003
 /
