 &PARAM
 ne = 199
 tend = 150
 zex = 11.258330249197702
 q1 = 3400
 q2 = 3400
 q3 = 40000
 i1 = 0.16
 i2 = 0.16
 th1 = 0
 th2 = 0
 a1 = 4
 a2 = 4
 dtr1 = 0.21
 dtr2 = 0.21
 dcir1 = 0.000005
 dcir2 = 0.000005
 r1 = 0.06
 r2 = 0.06
 f10 = 0.91892512E-01
 f20 = 0.91892512E-01
 f30 = 0.22871423E-01
 p10 = 0.0
 p20 = 0.0
 p30 = 0.0
 dt = 0.05
 dz = 0.01
 pitch = 1.6
 ftol = 1e-7
 ptol = 1e-7
 /
