 &PARAM
 NE      =         199,
 TEND    =   150.000000000000     ,
 ZEX     =   18.5500000000000     ,
 Q1      =   3127.55530000000     ,
 Q2      =   3127.55530000000     ,
 Q3      =   40000.0000000000     ,
 I1      =  0.551209431827764     ,
 I2      =  0.551209431827764     ,
 TH1     =  0.000000000000000E+000,
 TH2     =  0.000000000000000E+000,
 A1      =  0.000000000000000E+000,
 A2      =  0.000000000000000E+000,
 DTR1    =  0.548608889195448     ,
 DTR2    =  0.548608889195448     ,
 DCIR1   =  0.000000000000000E+000,
 DCIR2   =  0.000000000000000E+000,
 R1      =  0.000000000000000E+000,
 R2      =  0.000000000000000E+000,
 F10     =  0.237327415627454     ,
 F20     =  0.237327415627454     ,
 F30     = -8.949055843381270E-021,
 P10     =  0.518663586529527     ,
 P20     =  0.518663586529527     ,
 P30     =  0.000000000000000E+000,
 DT      =  5.000000000000000E-002,
 DZ      =  1.000000000000000E-002,
 PITCH   =   1.50000000000000     ,
 FTOL    =  1.000000000000000E-007,
 PTOL    =  1.000000000000000E-007,
 WC      = F,
 FOK     = T,
 INHARM  =           2,
 UKV     =   22.0000000000000     ,
 W_OP    =   28.0175000000000     ,
 LENSM   = T
 /
