 &PARAM
 ne = 199
 tend = 150
 zex = 11.258330249197702
 q1 = 3400
 q2 = 3400
 q3 = 40000
 i1 = 0.16
 i2 = 0.16
 th1 = 0
 th2 = 0
 a1 = 4
 a2 = 4
 dtr1 = 0.45
 dtr2 = 0.45
 dcir1 = -0.0003
 dcir2 = -0.0003
 r1 = 0.06
 r2 = 0.06
 f10 = 0.82354230E-01
 f20 = 0.82354230E-01
 f30 = 0.41596600E+00
 dt = 0.05
 dz = 0.01
 pitch = 1.6
 ftol = 1e-7
 ptol = 1e-7
 /
