 &PARAM
 NE      =         499,
 TEND    =   1.000000000000     ,
 ZEX     =   11.2583302491977     ,
 Q1      =   3400.00000000000     ,
 Q2      =   3400.00000000000     ,
 Q3      =   40000.0000000000     ,
 I1      =  0.160000000000000     ,
 I2      =  0.160000000000000     ,
 TH1     =  0.000000000000000E+000,
 TH2     =  0.000000000000000E+000,
 A1      =   4.00000000000000     ,
 A2      =   4.00000000000000     ,
 DTR1    =  0.180000000000000     ,
 DTR2    =  0.180000000000000     ,
 DCIR1   =  3.000000000000000E-004,
 DCIR2   =  4.000000000000000E-004,
 R1      =  6.000000000000000E-002,
 R2      =  6.000000000000000E-002,
 F10     =  0.216752493755113     ,
 F20     =  0.202925145529411     ,
 F30     =   1.58405557861618     ,
 P10     =  -4.73699981181158     ,
 P20     =  -5.08308020469536     ,
 P30     =  -4.61309605032114     ,
 DT      =  5.000000000000000E-002,
 DZ      =  1.000000000000000E-002,
 PITCH   =   1.60000000000000     ,
 FTOL    =  1.000000000000000E-007,
 PTOL    =  1.000000000000000E-007
 wc = t
 /
