 &PARAM
 NE      =         499,
 TEND    =   1.00000000000000     ,
 ZEX     =   11.2583302491977     ,
 Q1      =   3400.00000000000     ,
 Q2      =   3400.00000000000     ,
 Q3      =   40000.0000000000     ,
 I1      =  0.160000000000000     ,
 I2      =  0.160000000000000     ,
 TH1     =  0.000000000000000E+000,
 TH2     =  0.000000000000000E+000,
 A1      =   4.00000000000000     ,
 A2      =   4.00000000000000     ,
 DTR1    =  0.180000000000000     ,
 DTR2    =  0.180000000000000     ,
 DCIR1   =  3.000000000000000E-004,
 DCIR2   =  4.000000000000000E-004,
 R1      =  6.000000000000000E-002,
 R2      =  6.000000000000000E-002,
 F10     =  0.210637851561614     ,
 F20     =  0.205042528352843     ,
 F30     =   1.60752455013578     ,
 P10     =  -4.64866583763613     ,
 P20     =  -4.99827934853301     ,
 P30     =  -4.72076057908027     ,
 DT      =  5.000000000000000E-002,
 DZ      =  1.000000000000000E-002,
 PITCH   =   1.60000000000000     ,
 FTOL    =  1.000000000000000E-007,
 PTOL    =  1.000000000000000E-007,
 WC      = T
 /
